%Christianlly Cena
%This code calculate the position variance of the Traps

x2=[-3.99999999999996e-08,9.49999999999982e-08,1.90000000000010e-08,3.10000000000002e-08,-1.36999999999999e-07,2.99999999999980e-09,2.49999999999972e-08,-9.39999999999994e-08,1.41000000000001e-07,-9.99999999999990e-08,9.49999999999982e-08,1.20000000000026e-08,4.49999999999970e-08,1.70000000000000e-08,-1.29999999999997e-07,2.29999999999996e-08,-1.09000000000002e-07,-3.40000000000000e-08,-4.99999999999978e-08,1.03999999999998e-07,1.30000000000014e-08,-8.99999999999941e-09,1.13999999999999e-07,-1.00000000000016e-08,1.40000000000002e-08,-8.09999999999980e-08,9.99999999999990e-08,-3.60000000000010e-08,-1.29999999999980e-08,2.99999999999980e-09,-2.29999999999996e-08,-3.90000000000008e-08,1.33999999999999e-07,-1.11999999999998e-07,8.09999999999980e-08,-9.49999999999982e-08,7.19999999999986e-08,-8.99999999999941e-09,2.69999999999982e-08,-2.89999999999992e-08,3.00000000000014e-08,-1.01000000000001e-07,1.16000000000000e-07,-2.09999999999986e-08,-1.18000000000001e-07,9.09999999999996e-08,-1.45999999999998e-07,-8.99999999999941e-09,-3.20000000000024e-08,1.92000000000001e-07,-7.69999999999994e-08,-4.40000000000016e-08,-3.69999999999998e-08,-8.99999999999941e-09,7.80000000000016e-08,0,1.40000000000002e-08,1.33999999999999e-07,-2.50000000000006e-08,3.00000000000014e-08,1.09999999999970e-08,2.10000000000020e-08,-1.67000000000000e-07,1.22999999999999e-07,-3.10000000000002e-08,-3.79999999999986e-08,-1.27999999999999e-07,-5.39999999999998e-08,1.88999999999998e-07,-1.50999999999999e-07,1.90000000000010e-08,1.31999999999998e-07,-1.17999999999998e-07,9.00000000000008e-08,-3.00000000000014e-08,8.40000000000012e-08,-1.69000000000001e-07,-4.29999999999994e-08,1.93999999999998e-07,-9.99999999999821e-09,1.36999999999999e-07,-1.07000000000001e-07,-8.79999999999998e-08,1.13999999999999e-07,-1.05000000000000e-07,1.46000000000002e-07,-1.53999999999999e-07,9.90000000000002e-08,-8.00000000000060e-09,2.39999999999984e-08,-8.50000000000000e-08,-1.05000000000000e-07,1.23000000000002e-07,-1.55000000000001e-07,2.30999999999998e-07,-9.29999999999973e-08,4.39999999999982e-08,-3.40000000000000e-08,-1.64000000000000e-07,1.24000000000001e-07,-1.30000000000014e-08,1.45000000000003e-07,-1.42000000000003e-07,-2.19999999999974e-08,1.36999999999999e-07,1.60000000000012e-08,2.09999999999986e-08,1.27000000000001e-07,-7.99999999999992e-08,-1.60000000000002e-07,-8.99999999999941e-09,-1.60000000000012e-08,-5.10000000000000e-08,-3.29999999999978e-08,7.79999999999982e-08,1.37000000000002e-07,3.19999999999990e-08,-1.19000000000000e-07,-1.05000000000000e-07,8.70000000000010e-08,-2.00000000000100e-09,-1.02000000000000e-07,1.36999999999999e-07,4.40000000000016e-08,-3.80000000000020e-08,-9.99999999998805e-10,-1.64000000000000e-07,8.10000000000014e-08,9.49999999999982e-08,-7.39999999999996e-08,-2.80000000000004e-08,1.29000000000002e-07,-9.60000000000004e-08,9.09999999999996e-08,-7.99999999999992e-08,8.00000000000060e-09,-9.50000000000016e-08,1.40000000000002e-08,1.35000000000001e-07,-9.90000000000002e-08,7.39999999999996e-08,1.40000000000002e-08,-1.42000000000000e-07,6.09999999999982e-08,2.10000000000000e-07,-2.61000000000000e-07,1.49999999999990e-08,-5.49999999999986e-08,8.89999999999986e-08,3.80000000000020e-08,-9.60000000000004e-08,1.27999999999999e-07,5.00000000000080e-09,8.00000000000060e-09,-1.80000000000022e-08,8.79999999999998e-08,2.00000000000100e-09,-5.99999999999960e-09,-1.25000000000000e-07,9.99999999999821e-09,-2.29999999999996e-08,1.27999999999999e-07,-1.56000000000000e-07,8.70000000000010e-08,-2.20000000000008e-08,-2.09999999999986e-08,1.11999999999998e-07,-9.99999999999990e-08,-3.49999999999988e-08,-5.00000000000080e-09,-4.09999999999984e-08,1.23999999999997e-07,-1.99999999999998e-08,-3.99999999999996e-08,8.90000000000020e-08,2.89999999999992e-08,-7.30000000000008e-08,-3.90000000000008e-08,6.90000000000022e-08,-7.20000000000020e-08,1.00000000000219e-09,5.89999999999972e-08,2.00000000000100e-09,-1.10999999999999e-07,-2.70000000000016e-08,1.19000000000000e-07,-3.40000000000000e-08,-2.99999999999980e-08,6.29999999999992e-08,-2.89999999999992e-08,-1.02000000000000e-07,1.10000000000001e-07,-1.04000000000001e-07,1.16999999999999e-07,1.00000000000219e-09,1.09999999999970e-08,-1.33999999999999e-07,1.80000000000022e-08,1.99999999999998e-08,3.19999999999990e-08,-4.59999999999992e-08,1.09999999999997e-07,-2.99999999999980e-08,1.19999999999992e-08,4.89999999999990e-08,-1.16999999999999e-07,2.70000000000016e-08,1.22000000000000e-07,2.80000000000004e-08,-1.02000000000000e-07,1.59999999999978e-08,-1.30000000000000e-07,2.20000000000008e-08,1.81999999999999e-07,1.80000000000022e-08,-2.26000000000001e-07,-2.09999999999986e-08,1.79999999999988e-08,9.90000000000002e-08,-1.16000000000000e-07,6.29999999999992e-08,3.19999999999990e-08,1.12000000000002e-07,-2.20000000000008e-08,7.99999999999992e-08,-1.45999999999998e-07,-4.50000000000004e-08,1.02000000000000e-07,-1.19000000000000e-07,-9.99999999999821e-09,8.89999999999986e-08,-1.44999999999999e-07,5.39999999999998e-08,2.39999999999984e-08,1.20000000000026e-08,1.17999999999998e-07,4.10000000000018e-08,-2.20000000000001e-07,1.13000000000000e-07,-4.89999999999990e-08,-4.40000000000016e-08,3.69999999999998e-08,2.99999999999980e-09,1.16000000000000e-07,-1.02999999999999e-07,-3.30000000000012e-08,7.00000000000180e-09,1.59999999999978e-08,-1.59999999999978e-08,1.51999999999998e-07,-1.28999999999998e-07,2.69999999999982e-08,-1.44999999999999e-07,2.03000000000001e-07,9.99999999999821e-09,-1.44000000000001e-07,-1.49999999999990e-08,1.02999999999999e-07,-1.44999999999999e-07,8.20000000000002e-08,-2.80000000000004e-08,-5.49999999999986e-08,7.00000000000010e-08,1.46999999999997e-07,2.20000000000008e-08,1.90000000000010e-08,-9.00000000000008e-08,-1.53999999999999e-07,1.95000000000001e-07,-1.06000000000002e-07,-4.29999999999994e-08,7.00000000000180e-09,7.69999999999994e-08,-4.10000000000018e-08,1.09000000000002e-07,-1.39000000000000e-07,-1.10000000000004e-08,5.99999999999960e-09,3.00000000000014e-08,-2.10000000000020e-08,1.12000000000002e-07,-1.39000000000000e-07,4.99999999999741e-09,7.70000000000028e-08,-1.36000000000000e-07,1.78999999999999e-07,3.99999999999861e-09,1.19999999999992e-08,-8.89999999999986e-08,7.09999999999998e-08,4.50000000000004e-08,9.99999999998805e-10,-5.99999999999960e-09,-4.50000000000004e-08,-3.99999999999996e-08,-4.69999999999980e-08,1.05000000000000e-07,-7.09999999999998e-08,2.89999999999992e-08,-1.63000000000002e-07,2.59000000000002e-07,-6.00000000000299e-09,-1.42000000000000e-07,1.23000000000002e-07,3.49999999999988e-08,-1.27000000000001e-07,1.30000000000000e-07,2.99999999999980e-09,-1.28999999999998e-07,1.59999999999978e-08,-1.23999999999997e-07,7.59999999999972e-08,5.90000000000006e-08,4.40000000000016e-08,2.59999999999994e-08,1.90000000000010e-08,-2.80000000000004e-08,-2.10000000000020e-08,-8.99999999999941e-09,-3.49999999999988e-08,2.50000000000006e-08,1.99999999999998e-08,-8.20000000000002e-08,1.42999999999998e-07,-1.40000000000002e-08,-1.20999999999998e-07,1.02000000000000e-07,-6.90000000000022e-08,2.89999999999992e-08,-1.53999999999999e-07,-3.49999999999988e-08,1.07000000000001e-07,9.99999999999990e-08,-1.47000000000000e-07,1.44000000000001e-07,-1.52000000000001e-07,-6.29999999999992e-08,2.78999999999999e-07,-9.29999999999973e-08,1.99999999999761e-09,-2.99999999999980e-08,-1.36000000000000e-07,1.87000000000000e-07,-8.70000000000010e-08,7.09999999999998e-08,-7.99999999999992e-08,8.69999999999976e-08,4.00000000000199e-09,-1.40000000000002e-08,-6.40000000000014e-08,2.30000000000030e-08,-4.50000000000004e-08,6.69999999999978e-08,-3.40000000000000e-08,1.06000000000002e-07,-3.10000000000002e-08,-1.50000000000024e-08,-1.09999999999997e-07,1.99999999999998e-08,-3.20000000000024e-08,9.30000000000006e-08,-1.45999999999998e-07,1.33000000000000e-07,-8.79999999999998e-08,2.09999999999986e-08,-2.29999999999996e-08,6.99999999999841e-09,-5.89999999999972e-08,1.80999999999997e-07,